### Plot

no<-1
Downplot <- f.drawDownsignature (no)


n1=27
n2=1
Upplot <- f.drawUpsignature (n1,n2)

n1=27
n2=4
Upplot <- f.drawUpsignature (n1,n2)

sigid <- 941357772780728
Upplot <- f.Updraw (sigid)

sigid <- 531357774582561
Downplot <- f.Downdraw (sigid)