### Plot

no<-1
wimplot <- f.drawwimsignature (no)


n1=27
n2=1
vdsplot <- f.drawvdssignature (n1,n2)

n1=27
n2=4
vdsplot <- f.drawvdssignature (n1,n2)

sigid <- 941357772780728
vdsplot <- f.vdsdraw (sigid)

sigid <- 531357774582561
wimplot <- f.wimdraw (sigid)